运行速度
Image Num	SW time	SW_CONV1 time	SW_CONV3 time	SW accuracy	HW time	HW_CONV1 time	HW_CONV3 time	HW accuracy	speed up	SW_CONV1 speed up	CONV2 speed up
无优化
1	0.002524	0.001016	0.000983	1	0.001988	0.000852	0.000806	1	1.26962
10	0.018407	0.008706	0.006988	1	0.016511	0.006777	0.007085	1	1.11483
100	0.174155	0.081534	0.066557	1	0.15741	0.064869	0.066501	1	1.10638
1000	1.72626	0.81013	0.659717	0.987	1.552	0.641459	0.65541	0.987	1.11228
10000	18.5119	8.68258	7.09254	0.984	20.4232	8.34971	8.74928	0.984	0.906418

无矩阵相乘
1	0.003039	0.001363	0.000986	1	0.002617	0.001348	0.000581	1	1.16125
10	0.029402	0.013235	0.009646	1	0.025461	0.013244	0.005661	0.2	1.15479
100	0.292966	0.131658	0.096207	1	0.254181	0.132204	0.056557	0.1	1.15259
1000	2.92964	1.31675	0.961994	0.987	2.54052	1.32171	0.565237	0.125	1.15316
10000	29.3003	13.1682	9.62069	0.984	25.4	13.2127	5.65101	0.1334	1.15355
1	0.002998	0.001353	0.000971	1	0.002597	0.001339	0.000582	1	1.15441
10	0.029338	0.013183	0.009642	1	0.025446	0.013221	0.005659	0.2	1.15295
100	0.292979	0.131642	0.096248	1	0.254061	0.132156	0.056531	0.1	1.15318
1000	2.9314	1.31745	0.963007	0.987	2.53993	1.32128	0.565038	0.125	1.15412
10000	29.3069	13.1699	9.62636	0.984	25.3941	13.21	5.64936	0.1334	1.15408

全优化
1	0.003066	0.001363	0.000977	1	0.002475	0.001209	0.00058	1	1.23879
10	0.029406	0.013228	0.009655	1	0.024236	0.011896	0.005783	1	1.21332
100	0.293398	0.131842	0.096316	1	0.24203	0.118968	0.057902	1	1.21224
1000	2.93068	1.31712	0.962431	0.987	2.41563	1.18682	0.577846	0.987	1.21321
10000	29.3076	13.1692	9.62495	0.984	24.1612	11.8695	5.78025	0.984	1.213

1	0.00305	0.001351	0.000977	1	0.002468	0.001202	0.00058	1	1.23582
10	0.029355	0.013195	0.00963	1	0.024208	0.011895	0.005783	1	1.21262
100	0.293154	0.131702	0.096294	1	0.242118	0.119001	0.057892	1	1.21079
1000	2.93139	1.31726	0.962737	0.987	2.41726	1.18781	0.577966	0.987	1.21269
10000	29.3148	13.1696	9.62872	0.984	24.1722	11.8757	5.78089	0.984	1.21275

资源利用率
resource    used    total   utilization
DSP 37  2520    1.4
BRAM    14  912 1.5
LUT 9947    274080  3.6
FF  6579    548160  1.2

DSP 18  2520    0.71
BRAM    30  912 3.29
LUT 15385   274080  5.61
FF  11921   548160

DSP 11  2520    0.44
BRAM    77  912 8.44
LUT 48843   274080  17.82
FF  40638   548160  7.41

运行时间
%   cumulative   self              self     total           
 time   seconds   seconds    calls   s/call   s/call  name    
 44.98      0.67     0.67     1000     0.00     0.00  convolve_layer_1_sw(float*, float*, float*, float*)
 42.96      1.31     0.64     1000     0.00     0.00  convolve_layer_3_sw(float*, float*, float*, float*)
  7.38      1.42     0.11     1000     0.00     0.00  fully_connected_layer_5_sw(float*, float*, float*, float*)
  2.69      1.46     0.04     1000     0.00     0.00  fully_connected_layer_6_sw(float*, float*, float*, float*)
  0.67      1.47     0.01     1000     0.00     0.00  pooling_layer_4_sw(float*, float*, float*, float*)
  0.67      1.48     0.01     1000     0.00     0.00  fully_connected_layer_7_sw(float*, float*, float*, float*)
  0.67      1.49     0.01        1     0.01     1.49  test_sw(int)
  0.00      1.49     0.00     1000     0.00     0.00  pooling_layer_2_sw(float*, float*, float*, float*)
  0.00      1.49     0.00     1000     0.00     0.00  max_out(float*, int)